1035 1228 1
1228 1229 1
1229 1230 1
1230 1231 1
1231 1232 1
1232 1233 1
1233 1234 1
1234 1235 1
1235 1236 1
1236 1237 1
1237 1238 1
1238 1239 1
1239 609 1
609 1240 1
1240 1241 1
1241 1242 1
1242 1243 1
1243 1244 1
1244 1245 1
1245 1246 1
1246 1247 1
1247 1248 1
1248 1249 1
1249 1250 1
1250 1251 1
1251 1252 1
1252 1253 1
1253 1254 1
1254 1255 1
1255 1256 1
1256 666 1
666 1257 1
1257 1258 1
1258 1259 1
1259 1260 1
1260 1261 1
1261 1262 1
1262 1263 1
1263 1264 1
1264 1265 1
1265 1266 1
1266 1267 1
1267 1268 1
1268 1269 1
1269 1270 1
1270 1271 1
1271 1272 1
1272 1273 1
1273 1274 1
1274 1275 1
1275 1276 1
1276 1277 1
1277 1278 1
1278 1279 1
1279 1280 1
1280 1281 1
1281 1282 1
1282 1283 1
1283 1284 1
1284 1285 1
1285 173 1
173 174 1
174 175 1
175 176 1
176 177 1
177 178 1
178 179 1
179 180 1
180 181 1
181 182 1
182 183 1
183 184 1
184 185 1
185 186 1
186 187 1
187 188 1
188 189 1
189 190 1
190 191 1
191 192 1
192 193 1
193 192 3
192 191 3
191 190 3
190 189 3
189 188 3
188 187 3
187 186 3
186 185 3
185 184 3
184 183 3
183 182 3
182 181 3
181 180 3
180 179 3
179 178 3
178 177 3
177 176 3
176 175 3
175 174 3
174 173 3
173 1285 3
1285 1284 3
1284 1283 3
1283 1282 3
1282 1281 3
1281 1280 3
1280 1279 3
1279 1278 3
1278 1277 3
1277 1276 3
1276 1275 3
1275 1274 3
1274 1273 3
1273 1272 3
1272 1271 3
1271 1270 3
1270 1269 3
1269 1268 3
1268 1267 3
1267 1266 3
1266 1265 3
1265 1264 3
1264 1263 3
1263 1262 3
1262 1261 3
1261 1260 3
1260 1259 3
1259 1258 3
1258 1257 3
1257 666 3
666 1256 3
1256 1255 3
1255 1254 3
1254 1253 3
1253 1252 3
1252 1251 3
1251 1250 3
1250 1249 3
1249 1248 3
1248 1247 3
1247 1246 3
1246 1245 3
1245 1244 3
1244 1243 3
1243 1242 3
1242 1241 3
1241 1240 3
1240 609 3
609 1239 3
1239 1238 3
1238 1237 3
1237 1236 3
1236 1235 3
1235 1234 3
1234 1233 3
1233 1232 3
1232 1231 3
1231 1230 3
1230 1229 3
1229 1228 3
1228 1035 3
264 421 1
421 422 1
422 423 1
423 424 1
424 425 1
425 426 1
426 427 1
427 428 1
428 429 1
429 430 1
430 431 1
431 432 1
432 433 1
433 434 1
434 435 1
435 436 1
436 437 1
437 438 1
438 439 1
439 440 1
440 441 1
441 442 1
442 443 1
443 444 1
444 445 1
445 446 1
446 447 1
447 448 1
448 449 1
449 450 1
450 451 1
451 452 1
452 453 1
453 454 1
454 455 1
455 456 1
456 457 1
457 458 1
458 459 1
459 460 1
460 461 1
461 462 1
462 463 1
463 464 1
464 465 1
465 466 1
466 467 1
467 468 1
468 469 1
469 470 1
470 469 3
469 468 3
468 467 3
467 466 3
466 465 3
465 464 3
464 463 3
463 462 3
462 461 3
461 460 3
460 459 3
459 458 3
458 457 3
457 456 3
456 455 3
455 454 3
454 453 3
453 452 3
452 451 3
451 450 3
450 449 3
449 448 3
448 447 3
447 446 3
446 445 3
445 444 3
444 443 3
443 442 3
442 441 3
441 440 3
440 439 3
439 438 3
438 437 3
437 436 3
436 435 3
435 434 3
434 433 3
433 432 3
432 431 3
431 430 3
430 429 3
429 428 3
428 427 3
427 426 3
426 425 3
425 424 3
424 423 3
423 422 3
422 421 3
421 264 3
1022 1142 1
1142 1143 1
1143 1144 1
1144 1145 1
1145 1146 1
1146 1147 1
1147 1148 1
1148 1149 1
1149 1150 1
1150 1151 1
1151 1152 1
1152 597 1
597 1153 1
1153 1154 1
1154 1155 1
1155 1156 1
1156 1157 1
1157 1158 1
1158 1159 1
1159 1160 1
1160 1161 1
1161 1162 1
1162 1163 1
1163 1164 1
1164 1165 1
1165 1166 1
1166 1167 1
1167 1168 1
1168 654 1
654 1169 1
1169 1170 1
1170 1171 1
1171 1172 1
1172 1173 1
1173 1174 1
1174 1175 1
1175 1176 1
1176 703 1
703 1177 1
1177 1178 1
1178 1179 1
1179 1180 1
1180 1181 1
1181 1182 1
1182 1183 1
1183 752 1
752 1184 1
1184 1185 1
1185 1186 1
1186 1187 1
1187 1188 1
1188 1189 1
1189 1190 1
1190 1191 1
1191 1192 1
1192 1193 1
1193 1194 1
1194 1195 1
1195 161 1
161 1196 1
1196 1197 1
1197 1198 1
1198 1199 1
1199 1200 1
1200 1201 1
1201 1202 1
1202 1203 1
1203 800 1
800 1204 1
1204 1205 1
1205 1206 1
1206 1207 1
1207 1208 1
1208 1209 1
1209 1210 1
1210 1211 1
1211 1212 1
1212 849 1
849 1212 3
1212 1211 3
1211 1210 3
1210 1209 3
1209 1208 3
1208 1207 3
1207 1206 3
1206 1205 3
1205 1204 3
1204 800 3
800 1203 3
1203 1202 3
1202 1201 3
1201 1200 3
1200 1199 3
1199 1198 3
1198 1197 3
1197 1196 3
1196 161 3
161 1195 3
1195 1194 3
1194 1193 3
1193 1192 3
1192 1191 3
1191 1190 3
1190 1189 3
1189 1188 3
1188 1187 3
1187 1186 3
1186 1185 3
1185 1184 3
1184 752 3
752 1183 3
1183 1182 3
1182 1181 3
1181 1180 3
1180 1179 3
1179 1178 3
1178 1177 3
1177 703 3
703 1176 3
1176 1175 3
1175 1174 3
1174 1173 3
1173 1172 3
1172 1171 3
1171 1170 3
1170 1169 3
1169 654 3
654 1168 3
1168 1167 3
1167 1166 3
1166 1165 3
1165 1164 3
1164 1163 3
1163 1162 3
1162 1161 3
1161 1160 3
1160 1159 3
1159 1158 3
1158 1157 3
1157 1156 3
1156 1155 3
1155 1154 3
1154 1153 3
1153 597 3
597 1152 3
1152 1151 3
1151 1150 3
1150 1149 3
1149 1148 3
1148 1147 3
1147 1146 3
1146 1145 3
1145 1144 3
1144 1143 3
1143 1142 3
1142 1022 3
1011 1052 1
1052 1053 1
1053 1054 1
1054 1055 1
1055 1056 1
1056 1057 1
1057 1058 1
1058 1059 1
1059 1060 1
1060 1061 1
1061 1062 1
1062 1063 1
1063 586 1
586 1064 1
1064 1065 1
1065 1066 1
1066 1067 1
1067 1068 1
1068 1069 1
1069 1070 1
1070 1071 1
1071 1072 1
1072 1073 1
1073 1074 1
1074 1075 1
1075 1076 1
1076 1077 1
1077 1078 1
1078 640 1
640 1079 1
1079 1080 1
1080 1081 1
1081 1082 1
1082 1083 1
1083 1084 1
1084 1085 1
1085 1086 1
1086 690 1
690 1087 1
1087 1088 1
1088 1089 1
1089 1090 1
1090 1091 1
1091 1092 1
1092 1093 1
1093 738 1
738 1094 1
1094 1095 1
1095 1096 1
1096 1097 1
1097 1098 1
1098 1099 1
1099 1100 1
1100 1101 1
1101 1102 1
1102 1103 1
1103 1104 1
1104 1105 1
1105 1106 1
1106 148 1
148 1107 1
1107 1108 1
1108 1109 1
1109 1110 1
1110 1111 1
1111 1112 1
1112 1113 1
1113 1114 1
1114 1115 1
1115 788 1
788 1116 1
1116 1117 1
1117 1118 1
1118 1119 1
1119 1120 1
1120 1121 1
1121 1122 1
1122 1123 1
1123 1124 1
1124 836 1
836 1125 1
1125 1126 1
1126 1127 1
1127 1128 1
1128 1129 1
1129 1130 1
1130 1131 1
1131 1132 1
1132 1133 1
1133 1134 1
1134 1135 1
1135 1136 1
1136 1137 1
1137 1138 1
1138 1139 1
1139 1140 1
1140 1141 1
1141 245 1
245 322 1
322 323 1
323 324 1
324 325 1
325 326 1
326 327 1
327 328 1
328 329 1
329 330 1
330 331 1
331 332 1
332 333 1
333 334 1
334 335 1
335 336 1
336 337 1
337 338 1
338 339 1
339 340 1
340 341 1
341 342 1
342 343 1
343 344 1
344 345 1
345 346 1
346 347 1
347 348 1
348 349 1
349 350 1
350 351 1
351 352 1
352 353 1
353 354 1
354 355 1
355 356 1
356 357 1
357 358 1
358 359 1
359 360 1
360 361 1
361 362 1
362 363 1
363 364 1
364 365 1
365 366 1
366 367 1
367 368 1
368 369 1
369 370 1
370 371 1
371 370 3
370 369 3
369 368 3
368 367 3
367 366 3
366 365 3
365 364 3
364 363 3
363 362 3
362 361 3
361 360 3
360 359 3
359 358 3
358 357 3
357 356 3
356 355 3
355 354 3
354 353 3
353 352 3
352 351 3
351 350 3
350 349 3
349 348 3
348 347 3
347 346 3
346 345 3
345 344 3
344 343 3
343 342 3
342 341 3
341 340 3
340 339 3
339 338 3
338 337 3
337 336 3
336 335 3
335 334 3
334 333 3
333 332 3
332 331 3
331 330 3
330 329 3
329 328 3
328 327 3
327 326 3
326 325 3
325 324 3
324 323 3
323 322 3
322 245 3
245 1141 3
1141 1140 3
1140 1139 3
1139 1138 3
1138 1137 3
1137 1136 3
1136 1135 3
1135 1134 3
1134 1133 3
1133 1132 3
1132 1131 3
1131 1130 3
1130 1129 3
1129 1128 3
1128 1127 3
1127 1126 3
1126 1125 3
1125 836 3
836 1124 3
1124 1123 3
1123 1122 3
1122 1121 3
1121 1120 3
1120 1119 3
1119 1118 3
1118 1117 3
1117 1116 3
1116 788 3
788 1115 3
1115 1114 3
1114 1113 3
1113 1112 3
1112 1111 3
1111 1110 3
1110 1109 3
1109 1108 3
1108 1107 3
1107 148 3
148 1106 3
1106 1105 3
1105 1104 3
1104 1103 3
1103 1102 3
1102 1101 3
1101 1100 3
1100 1099 3
1099 1098 3
1098 1097 3
1097 1096 3
1096 1095 3
1095 1094 3
1094 738 3
738 1093 3
1093 1092 3
1092 1091 3
1091 1090 3
1090 1089 3
1089 1088 3
1088 1087 3
1087 690 3
690 1086 3
1086 1085 3
1085 1084 3
1084 1083 3
1083 1082 3
1082 1081 3
1081 1080 3
1080 1079 3
1079 640 3
640 1078 3
1078 1077 3
1077 1076 3
1076 1075 3
1075 1074 3
1074 1073 3
1073 1072 3
1072 1071 3
1071 1070 3
1070 1069 3
1069 1068 3
1068 1067 3
1067 1066 3
1066 1065 3
1065 1064 3
1064 586 3
586 1063 3
1063 1062 3
1062 1061 3
1061 1060 3
1060 1059 3
1059 1058 3
1058 1057 3
1057 1056 3
1056 1055 3
1055 1054 3
1054 1053 3
1053 1052 3
1052 1011 3
520 521 1
521 522 1
522 523 1
523 524 1
524 525 1
525 526 1
526 527 1
527 528 1
528 529 1
529 530 1
530 531 1
531 532 1
532 533 1
533 534 1
534 535 1
535 536 1
536 537 1
537 538 1
538 539 1
539 540 1
540 541 1
541 542 1
542 543 1
543 544 1
544 545 1
545 546 1
546 547 1
547 548 1
548 549 1
549 550 1
550 551 1
551 552 1
552 553 1
553 554 1
554 555 1
555 556 1
556 557 1
557 558 1
558 559 1
559 560 1
560 561 1
561 562 1
562 563 1
563 564 1
564 565 1
565 566 1
566 567 1
567 568 1
568 569 1
569 766 1
766 0 1
0 1 1
1 2 1
2 3 1
3 4 1
4 5 1
5 6 1
6 7 1
7 8 1
8 9 1
9 10 1
10 11 1
11 12 1
12 13 1
13 14 1
14 15 1
15 16 1
16 17 1
17 18 1
18 19 1
19 20 1
20 21 1
21 22 1
22 23 1
23 24 1
24 25 1
25 26 1
26 27 1
27 28 1
28 29 1
29 30 1
30 31 1
31 32 1
32 33 1
33 34 1
34 35 1
35 36 1
36 37 1
37 38 1
38 39 1
39 40 1
40 41 1
41 42 1
42 43 1
43 44 1
44 45 1
45 46 1
46 47 1
47 48 1
48 49 1
49 50 1
50 51 1
51 52 1
52 53 1
53 54 1
54 55 1
55 56 1
56 57 1
57 58 1
58 59 1
59 60 1
60 61 1
61 62 1
62 63 1
63 62 3
62 61 3
61 60 3
60 59 3
59 58 3
58 57 3
57 56 3
56 55 3
55 54 3
54 53 3
53 52 3
52 51 3
51 50 3
50 49 3
49 48 3
48 47 3
47 46 3
46 45 3
45 44 3
44 43 3
43 42 3
42 41 3
41 40 3
40 39 3
39 38 3
38 37 3
37 36 3
36 35 3
35 34 3
34 33 3
33 32 3
32 31 3
31 30 3
30 29 3
29 28 3
28 27 3
27 26 3
26 25 3
25 24 3
24 23 3
23 22 3
22 21 3
21 20 3
20 19 3
19 18 3
18 17 3
17 16 3
16 15 3
15 14 3
14 13 3
13 12 3
12 11 3
11 10 3
10 9 3
9 8 3
8 7 3
7 6 3
6 5 3
5 4 3
4 3 3
3 2 3
2 1 3
1 0 3
0 766 3
766 569 3
569 568 3
568 567 3
567 566 3
566 565 3
565 564 3
564 563 3
563 562 3
562 561 3
561 560 3
560 559 3
559 558 3
558 557 3
557 556 3
556 555 3
555 554 3
554 553 3
553 552 3
552 551 3
551 550 3
550 549 3
549 548 3
548 547 3
547 546 3
546 545 3
545 544 3
544 543 3
543 542 3
542 541 3
541 540 3
540 539 3
539 538 3
538 537 3
537 536 3
536 535 3
535 534 3
534 533 3
533 532 3
532 531 3
531 530 3
530 529 3
529 528 3
528 527 3
527 526 3
526 525 3
525 524 3
524 523 3
523 522 3
522 521 3
521 520 3
1011 1012 0
1012 1013 0
1013 1014 0
1014 1015 0
1015 1016 0
1016 1017 0
1017 1018 0
1018 1019 0
1019 1020 0
1020 1021 0
1021 1022 0
1022 1023 0
1023 1024 0
1024 1025 0
1025 1026 0
1026 1027 0
1027 1028 0
1028 1029 0
1029 1030 0
1030 1031 0
1031 1032 0
1032 1033 0
1033 1034 0
1034 1035 0
1035 1034 4
1034 1033 4
1033 1032 4
1032 1031 4
1031 1030 4
1030 1029 4
1029 1028 4
1028 1027 4
1027 1026 4
1026 1025 4
1025 1024 4
1024 1023 4
1023 1022 4
1022 1021 4
1021 1020 4
1020 1019 4
1019 1018 4
1018 1017 4
1017 1016 4
1016 1015 4
1015 1014 4
1014 1013 4
1013 1012 4
1012 1011 4
520 570 0
570 571 0
571 572 0
572 573 0
573 574 0
574 575 0
575 576 0
576 577 0
577 578 0
578 579 0
579 580 0
580 581 0
581 582 0
582 583 0
583 584 0
584 585 0
585 586 0
586 587 0
587 588 0
588 589 0
589 590 0
590 591 0
591 592 0
592 593 0
593 594 0
594 595 0
595 596 0
596 597 0
597 598 0
598 599 0
599 600 0
600 601 0
601 602 0
602 603 0
603 604 0
604 605 0
605 606 0
606 607 0
607 608 0
608 609 0
609 608 4
608 607 4
607 606 4
606 605 4
605 604 4
604 603 4
603 602 4
602 601 4
601 600 4
600 599 4
599 598 4
598 597 4
597 596 4
596 595 4
595 594 4
594 593 4
593 592 4
592 591 4
591 590 4
590 589 4
589 588 4
588 587 4
587 586 4
586 585 4
585 584 4
584 583 4
583 582 4
582 581 4
581 580 4
580 579 4
579 578 4
578 577 4
577 576 4
576 575 4
575 574 4
574 573 4
573 572 4
572 571 4
571 570 4
570 520 4
536 619 0
619 620 0
620 621 0
621 622 0
622 623 0
623 624 0
624 625 0
625 626 0
626 627 0
627 628 0
628 629 0
629 630 0
630 631 0
631 632 0
632 633 0
633 634 0
634 635 0
635 636 0
636 637 0
637 638 0
638 639 0
639 640 0
640 641 0
641 642 0
642 643 0
643 644 0
644 645 0
645 646 0
646 647 0
647 648 0
648 649 0
649 650 0
650 651 0
651 652 0
652 653 0
653 654 0
654 655 0
655 656 0
656 657 0
657 658 0
658 659 0
659 660 0
660 661 0
661 662 0
662 663 0
663 664 0
664 665 0
665 666 0
666 665 4
665 664 4
664 663 4
663 662 4
662 661 4
661 660 4
660 659 4
659 658 4
658 657 4
657 656 4
656 655 4
655 654 4
654 653 4
653 652 4
652 651 4
651 650 4
650 649 4
649 648 4
648 647 4
647 646 4
646 645 4
645 644 4
644 643 4
643 642 4
642 641 4
641 640 4
640 639 4
639 638 4
638 637 4
637 636 4
636 635 4
635 634 4
634 633 4
633 632 4
632 631 4
631 630 4
630 629 4
629 628 4
628 627 4
627 626 4
626 625 4
625 624 4
624 623 4
623 622 4
622 621 4
621 620 4
620 619 4
619 536 4
546 668 0
668 669 0
669 670 0
670 671 0
671 672 0
672 673 0
673 674 0
674 675 0
675 676 0
676 677 0
677 678 0
678 679 0
679 680 0
680 681 0
681 682 0
682 683 0
683 684 0
684 685 0
685 686 0
686 687 0
687 688 0
688 689 0
689 690 0
690 691 0
691 692 0
692 693 0
693 694 0
694 695 0
695 696 0
696 697 0
697 698 0
698 699 0
699 700 0
700 701 0
701 702 0
702 703 0
703 704 0
704 705 0
705 706 0
706 707 0
707 708 0
708 709 0
709 710 0
710 711 0
711 712 0
712 713 0
713 714 0
714 715 0
715 716 0
716 1265 0
1265 716 4
716 715 4
715 714 4
714 713 4
713 712 4
712 711 4
711 710 4
710 709 4
709 708 4
708 707 4
707 706 4
706 705 4
705 704 4
704 703 4
703 702 4
702 701 4
701 700 4
700 699 4
699 698 4
698 697 4
697 696 4
696 695 4
695 694 4
694 693 4
693 692 4
692 691 4
691 690 4
690 689 4
689 688 4
688 687 4
687 686 4
686 685 4
685 684 4
684 683 4
683 682 4
682 681 4
681 680 4
680 679 4
679 678 4
678 677 4
677 676 4
676 675 4
675 674 4
674 673 4
673 672 4
672 671 4
671 670 4
670 669 4
669 668 4
668 546 4
553 718 0
718 719 0
719 720 0
720 721 0
721 722 0
722 723 0
723 724 0
724 725 0
725 726 0
726 727 0
727 728 0
728 729 0
729 730 0
730 731 0
731 732 0
732 733 0
733 734 0
734 735 0
735 736 0
736 737 0
737 738 0
738 739 0
739 740 0
740 741 0
741 742 0
742 743 0
743 744 0
744 745 0
745 746 0
746 747 0
747 748 0
748 749 0
749 750 0
750 751 0
751 752 0
752 753 0
753 754 0
754 755 0
755 756 0
756 757 0
757 758 0
758 759 0
759 760 0
760 761 0
761 762 0
762 763 0
763 764 0
764 765 0
765 1273 0
1273 765 4
765 764 4
764 763 4
763 762 4
762 761 4
761 760 4
760 759 4
759 758 4
758 757 4
757 756 4
756 755 4
755 754 4
754 753 4
753 752 4
752 751 4
751 750 4
750 749 4
749 748 4
748 747 4
747 746 4
746 745 4
745 744 4
744 743 4
743 742 4
742 741 4
741 740 4
740 739 4
739 738 4
738 737 4
737 736 4
736 735 4
735 734 4
734 733 4
733 732 4
732 731 4
731 730 4
730 729 4
729 728 4
728 727 4
727 726 4
726 725 4
725 724 4
724 723 4
723 722 4
722 721 4
721 720 4
720 719 4
719 718 4
718 553 4
0 124 0
124 125 0
125 126 0
126 127 0
127 128 0
128 129 0
129 130 0
130 131 0
131 132 0
132 133 0
133 134 0
134 135 0
135 136 0
136 137 0
137 138 0
138 139 0
139 140 0
140 141 0
141 142 0
142 143 0
143 144 0
144 145 0
145 146 0
146 147 0
147 148 0
148 149 0
149 150 0
150 151 0
151 152 0
152 153 0
153 154 0
154 155 0
155 156 0
156 157 0
157 158 0
158 159 0
159 160 0
160 161 0
161 162 0
162 163 0
163 164 0
164 165 0
165 166 0
166 167 0
167 168 0
168 169 0
169 170 0
170 171 0
171 172 0
172 173 0
173 172 4
172 171 4
171 170 4
170 169 4
169 168 4
168 167 4
167 166 4
166 165 4
165 164 4
164 163 4
163 162 4
162 161 4
161 160 4
160 159 4
159 158 4
158 157 4
157 156 4
156 155 4
155 154 4
154 153 4
153 152 4
152 151 4
151 150 4
150 149 4
149 148 4
148 147 4
147 146 4
146 145 4
145 144 4
144 143 4
143 142 4
142 141 4
141 140 4
140 139 4
139 138 4
138 137 4
137 136 4
136 135 4
135 134 4
134 133 4
133 132 4
132 131 4
131 130 4
130 129 4
129 128 4
128 127 4
127 126 4
126 125 4
125 124 4
124 0 4
7 767 0
767 768 0
768 769 0
769 770 0
770 771 0
771 772 0
772 773 0
773 774 0
774 775 0
775 776 0
776 777 0
777 778 0
778 779 0
779 780 0
780 781 0
781 782 0
782 783 0
783 784 0
784 785 0
785 786 0
786 787 0
787 788 0
788 789 0
789 790 0
790 791 0
791 792 0
792 793 0
793 794 0
794 795 0
795 796 0
796 797 0
797 798 0
798 799 0
799 800 0
800 799 4
799 798 4
798 797 4
797 796 4
796 795 4
795 794 4
794 793 4
793 792 4
792 791 4
791 790 4
790 789 4
789 788 4
788 787 4
787 786 4
786 785 4
785 784 4
784 783 4
783 782 4
782 781 4
781 780 4
780 779 4
779 778 4
778 777 4
777 776 4
776 775 4
775 774 4
774 773 4
773 772 4
772 771 4
771 770 4
770 769 4
769 768 4
768 767 4
767 7 4
16 816 0
816 817 0
817 818 0
818 819 0
819 820 0
820 821 0
821 822 0
822 823 0
823 824 0
824 825 0
825 826 0
826 827 0
827 828 0
828 829 0
829 830 0
830 831 0
831 832 0
832 833 0
833 834 0
834 835 0
835 836 0
836 837 0
837 838 0
838 839 0
839 840 0
840 841 0
841 842 0
842 843 0
843 844 0
844 845 0
845 846 0
846 847 0
847 848 0
848 849 0
849 850 0
850 851 0
851 852 0
852 853 0
853 854 0
854 855 0
855 856 0
856 857 0
857 858 0
858 859 0
859 860 0
860 193 0
193 860 4
860 859 4
859 858 4
858 857 4
857 856 4
856 855 4
855 854 4
854 853 4
853 852 4
852 851 4
851 850 4
850 849 4
849 848 4
848 847 4
847 846 4
846 845 4
845 844 4
844 843 4
843 842 4
842 841 4
841 840 4
840 839 4
839 838 4
838 837 4
837 836 4
836 835 4
835 834 4
834 833 4
833 832 4
832 831 4
831 830 4
830 829 4
829 828 4
828 827 4
827 826 4
826 825 4
825 824 4
824 823 4
823 822 4
822 821 4
821 820 4
820 819 4
819 818 4
818 817 4
817 816 4
816 16 4
33 223 0
223 224 0
224 225 0
225 226 0
226 227 0
227 228 0
228 229 0
229 230 0
230 231 0
231 232 0
232 233 0
233 234 0
234 235 0
235 236 0
236 237 0
237 238 0
238 239 0
239 240 0
240 241 0
241 242 0
242 243 0
243 244 0
244 245 0
245 246 0
246 247 0
247 248 0
248 249 0
249 250 0
250 251 0
251 252 0
252 253 0
253 254 0
254 255 0
255 256 0
256 257 0
257 258 0
258 259 0
259 260 0
260 261 0
261 262 0
262 263 0
263 264 0
264 263 4
263 262 4
262 261 4
261 260 4
260 259 4
259 258 4
258 257 4
257 256 4
256 255 4
255 254 4
254 253 4
253 252 4
252 251 4
251 250 4
250 249 4
249 248 4
248 247 4
247 246 4
246 245 4
245 244 4
244 243 4
243 242 4
242 241 4
241 240 4
240 239 4
239 238 4
238 237 4
237 236 4
236 235 4
235 234 4
234 233 4
233 232 4
232 231 4
231 230 4
230 229 4
229 228 4
228 227 4
227 226 4
226 225 4
225 224 4
224 223 4
223 33 4
52 861 0
861 862 0
862 863 0
863 864 0
864 865 0
865 866 0
866 867 0
867 868 0
868 869 0
869 870 0
870 871 0
871 872 0
872 873 0
873 874 0
874 875 0
875 876 0
876 877 0
877 878 0
878 879 0
879 880 0
880 881 0
881 882 0
882 883 0
883 884 0
884 885 0
885 886 0
886 887 0
887 888 0
888 889 0
889 890 0
890 891 0
891 892 0
892 893 0
893 894 0
894 895 0
895 896 0
896 897 0
897 436 0
436 897 4
897 896 4
896 895 4
895 894 4
894 893 4
893 892 4
892 891 4
891 890 4
890 889 4
889 888 4
888 887 4
887 886 4
886 885 4
885 884 4
884 883 4
883 882 4
882 881 4
881 880 4
880 879 4
879 878 4
878 877 4
877 876 4
876 875 4
875 874 4
874 873 4
873 872 4
872 871 4
871 870 4
870 869 4
869 868 4
868 867 4
867 866 4
866 865 4
865 864 4
864 863 4
863 862 4
862 861 4
861 52 4
63 908 0
908 909 0
909 910 0
910 911 0
911 912 0
912 913 0
913 914 0
914 915 0
915 916 0
916 917 0
917 918 0
918 919 0
919 920 0
920 921 0
921 922 0
922 923 0
923 924 0
924 925 0
925 926 0
926 927 0
927 928 0
928 929 0
929 351 0
351 930 0
930 931 0
931 932 0
932 933 0
933 934 0
934 935 0
935 936 0
936 937 0
937 938 0
938 939 0
939 940 0
940 941 0
941 942 0
942 943 0
943 944 0
944 945 0
945 946 0
946 947 0
947 451 0
451 947 4
947 946 4
946 945 4
945 944 4
944 943 4
943 942 4
942 941 4
941 940 4
940 939 4
939 938 4
938 937 4
937 936 4
936 935 4
935 934 4
934 933 4
933 932 4
932 931 4
931 930 4
930 351 4
351 929 4
929 928 4
928 927 4
927 926 4
926 925 4
925 924 4
924 923 4
923 922 4
922 921 4
921 920 4
920 919 4
919 918 4
918 917 4
917 916 4
916 915 4
915 914 4
914 913 4
913 912 4
912 911 4
911 910 4
910 909 4
909 908 4
908 63 4
371 972 0
972 973 0
973 974 0
974 975 0
975 976 0
976 977 0
977 978 0
978 979 0
979 980 0
980 981 0
981 982 0
982 983 0
983 984 0
984 985 0
985 986 0
986 470 0
470 986 4
986 985 4
985 984 4
984 983 4
983 982 4
982 981 4
981 980 4
980 979 4
979 978 4
978 977 4
977 976 4
976 975 4
975 974 4
974 973 4
973 972 4
972 371 4
